101001000100100110001000100100010110001001000010010110000100
100000100000010011000001001000001001001100000100010000001000
001011000000100100000010010110000001010000000101001100000010
000001000000010000001001100000001001000000001010011000000001
001000000001001001100000000100000100000000100000100110000000
010001000000100101100000010000010000000001000001011000000000
100100000010010110000000001000010000000000000100100110000000
000000100000100100100110000000001010000000000101011000000000
010100000000001010110000000000100000010000000000100000010110
000000000100010000000000010001001100000000000100000100000000
010000010110000000000010100000000000100100110000000000010000
001000000000000100100110000000000001010000000000010000100110
000001000010000001000010110000001000100000001000100110000000
01000010000000010000100110000000100001000000001000000100111